./train/Images/b005_1580797660168.jpg 210,73,241,106,0 330,63,359,99,0
./train/Images/d156_1580791064057.jpg 39,105,97,174,1 185,125,231,182,1
./train/Images/b022_1580797660407.jpg 171,4,337,249,0
./train/Images/d144_1580791063895.jpg 40,1,197,136,1
./train/Images/d048_1580790992792.png 65,1,149,108,1
./train/Images/b027_1580797660477.jpg 122,2,248,94,0
./train/Images/b026_1580797660462.jpg 203,99,266,169,0
./train/Images/b107_1580797739213.jpg 72,191,134,265,0 104,108,146,159,0 150,140,210,214,0 190,87,234,145,0 254,94,312,170,0 313,41,449,205,0
./train/Images/d025_1580790992584.jpg 152,9,255,141,1
./train/Images/b113_1580797739271.jpg 36,81,99,145,0 157,75,197,123,0 272,61,305,112,0 408,30,484,110,0
./train/Images/d102_1580791063293.png 63,10,506,573,1
./train/Images/b028_1580797660490.jpg 198,33,260,110,0
./train/Images/b068_1580797702267.jpg 219,6,495,375,0
./train/Images/d005_1580790992385.jpg 30,1,174,173,1
./train/Images/d011_1580790992449.jpg 91,14,207,177,1
./train/Images/d013_1580790992470.jpg 111,90,191,188,1 320,72,394,165,1
./train/Images/b072_1580797702310.jpg 156,61,270,163,0
./train/Images/b104_1580797739180.jpg 128,1,217,72,0 307,25,351,81,0 345,30,389,81,0
./train/Images/d100_1580791027843.jpg 118,19,186,91,1
./train/Images/b011_1580797660257.jpg 43,26,268,323,0
./train/Images/b009_1580797660225.jpg 114,37,243,157,0 214,13,343,133,0
./train/Images/d018_1580790992511.jpg 96,5,356,231,1
./train/Images/d123_1580791063614.jpg 114,207,194,297,1 140,117,215,205,1 163,31,218,99,1 204,199,282,299,1 215,65,270,135,1 1,41,58,103,1 5,115,84,205,1 40,3,96,59,1 89,103,150,183,1 402,73,466,147,1 406,149,495,235,1 458,57,518,131,1 460,125,523,219,1 507,19,561,85,1 512,83,585,165,1 266,57,334,137,1 282,165,362,259,1 302,121,386,203,1 320,49,372,123,1 350,5,405,61,1
./train/Images/d079_1580791027627.jpg 108,2,356,285,1
./train/Images/b105_1580797739191.jpg 37,28,65,58,0 134,32,156,59,0 218,14,244,43,0
./train/Images/d057_1580791027405.jpg 168,3,298,137,1
./train/Images/d064_1580791027457.jpg 248,2,351,137,1 234,123,440,294,1
./train/Images/b097_1580797703543.jpg 15,90,53,147,0 49,73,92,125,0 97,68,141,123,0 158,70,193,114,0 184,68,234,118,0 289,105,328,152,0 349,77,392,129,0 392,52,437,105,0
./train/Images/d036_1580790992680.jpg 58,3,209,187,1
./train/Images/d044_1580790992752.jpg 228,51,273,106,1
./train/Images/b095_1580797703524.jpg 43,61,67,93,0 94,53,115,88,0 137,54,158,89,0 175,63,195,93,0 226,56,246,84,0 292,89,306,105,0 314,109,331,129,0 357,71,376,93,0
./train/Images/d116_1580791063528.jpg 39,187,78,225,1 164,181,206,222,1 225,178,257,211,1 314,171,342,211,1 384,189,417,228,1 452,188,481,225,1
./train/Images/b043_1580797660692.jpg 183,7,379,210,0
./train/Images/d101_1580791063212.jpg 166,15,279,172,1
./train/Images/b052_1580797702065.jpg 175,143,222,200,0 275,126,325,182,0
./train/Images/d132_1580791063743.jpg 96,120,131,165,1 129,100,163,142,1 187,94,207,118,1 260,98,311,153,1 319,108,348,151,1
./train/Images/b141_1580797739566.jpg 205,12,299,118,0
./train/Images/b133_1580797739480.jpg 176,73,312,261,0
./train/Images/d068_1580791027501.jpg 96,6,291,233,1
./train/Images/d039_1580790992710.jpg 49,1,215,209,1
./train/Images/b058_1580797702163.jpg 65,4,280,231,0
./train/Images/d90_1580791027740.jpg 191,42,325,213,1
./train/Images/d107_1580791063403.jpg 87,91,129,149,1 186,62,239,111,1 280,44,330,126,1 406,48,474,124,1
./train/Images/d026_1580790992595.jpg 225,28,316,148,1
./train/Images/b140_1580797739557.jpg 41,74,87,119,0 72,34,100,68,0 192,38,253,94,0
./train/Images/b025_1580797660446.jpg 90,47,205,168,0 295,33,385,142,0
./train/Images/b007_1580797660197.jpg 246,64,369,238,0
./train/Images/d149_1580791063960.jpg 0,14,233,318,1 247,9,478,347,1
./train/Images/d016_1580790992499.jpg 96,5,175,95,1
./train/Images/d128_1580791063682.jpg 74,53,193,180,1 224,54,286,124,1 283,117,337,193,1 444,75,499,153,1
./train/Images/d103_1580791063349.jpg 187,19,278,145,1
./train/Images/d160_1580791064116.jpg 70,13,316,250,1
./train/Images/b069_1580797702279.jpg 176,28,324,200,0 361,87,445,193,0
./train/Images/d157_1580791064071.jpg 130,57,228,154,1
./train/Images/d076_1580791027594.jpg 214,83,266,148,1 299,66,366,141,1
./train/Images/d075_1580791027582.jpg 84,1,336,318,1
./train/Images/d080_1580791027639.jpg 204,73,253,127,1
./train/Images/b088_1580797702461.jpg 0,107,98,271,0 81,59,174,223,0 156,37,231,179,0 216,17,299,193,0 292,3,396,145,0 398,3,524,119,0
./train/Images/d006_1580790992395.jpg 90,13,153,101,1
./train/Images/b033_1580797660566.jpg 70,1,200,149,0
./train/Images/d041_1580790992730.jpg 84,50,136,112,1 116,88,151,142,1 148,76,193,137,1
./train/Images/d127_1580791063668.jpg 240,11,288,85,1 168,1,221,65,1 279,3,310,76,1 309,36,353,95,1 352,59,399,118,1 235,128,317,229,1 313,105,389,214,1 1,51,70,206,1 37,1,112,53,1 68,87,167,218,1 111,1,168,74,1 162,101,236,223,1
./train/Images/d066_1580791027479.jpg 160,1,317,191,1
./train/Images/b071_1580797702300.jpg 118,2,327,267,0
./train/Images/b014_1580797660297.jpg 124,110,159,157,0 234,161,279,206,0 319,41,356,88,0 310,170,361,215,0
./train/Images/d093_1580791027771.jpg 200,63,331,283,1
./train/Images/b012_1580797660271.jpg 190,39,272,116,0
./train/Images/b078_1580797702360.jpg 164,19,361,222,0
./train/Images/b063_1580797702215.jpg 294,8,475,267,0
./train/Images/d125_1580791063641.jpg 35,1,113,84,1 146,6,188,68,1 183,10,235,82,1 257,55,279,79,1 257,70,283,106,1 292,62,314,97,1 321,85,339,105,1 388,1,499,219,1
./train/Images/d138_1580791063826.jpg 164,28,350,266,1
./train/Images/b013_1580797660284.jpg 233,19,289,93,0 376,21,443,91,0
./train/Images/d015_1580790992490.jpg 47,18,233,327,1
./train/Images/d145_1580791063908.jpg 5,92,54,152,1 111,34,176,96,1 200,48,262,109,1 368,70,421,127,1
./train/Images/b050_1580797660790.jpg 139,19,279,174,0
./train/Images/b057_1580797702153.jpg 83,105,108,137,0 123,80,159,127,0 179,78,206,117,0 221,83,255,130,0 275,78,319,125,0 344,98,373,132,0 381,104,405,139,0 415,110,442,144,0
./train/Images/d063_1580791027447.jpg 167,23,356,209,1
./train/Images/b016_1580797660325.jpg 149,28,421,352,0
./train/Images/b061_1580797702194.jpg 17,2,485,400,0
./train/Images/d078_1580791027616.jpg 208,75,250,127,1
./train/Images/d077_1580791027604.jpg 226,27,333,150,1
./train/Images/d073_1580791027557.jpg 111,38,204,177,1 206,66,269,206,1 272,68,369,191,1
./train/Images/b037_1580797660620.jpg 183,51,391,312,0
./train/Images/d058_1580791027415.jpg 80,7,504,566,1
./train/Images/b030_1580797660519.jpg 64,14,422,455,0
./train/Images/d135_1580791063785.jpg 0,1,197,165,1
./train/Images/b041_1580797660663.jpg 0,2,337,279,0
./train/Images/b006_1580797660182.jpg 270,17,337,99,0 308,53,392,143,0
./train/Images/b137_1580797739526.jpg 230,46,272,102,0 286,15,337,75,0 71,171,110,218,0 413,147,451,196,0 431,2,478,42,0 458,131,489,176,0 136,128,170,165,0 0,122,29,162,0 427,86,460,127,0
./train/Images/b118_1580797739325.jpg 66,5,363,359,0
./train/Images/d004_1580790992375.jpg 110,5,220,107,1
./train/Images/d109_1580791063431.jpg 94,188,170,272,1
./train/Images/d115_1580791063513.jpg 66,40,93,74,1 189,71,220,105,1 333,67,362,103,1
./train/Images/d010_1580790992436.jpg 155,82,353,285,1
./train/Images/b093_1580797703504.jpg 44,67,97,129,0 143,83,177,125,0 242,99,282,151,0 276,63,310,105,0 332,93,368,135,0 366,89,388,121,0 386,107,416,149,0
./train/Images/b018_1580797660353.jpg 213,15,379,209,0
./train/Images/b130_1580797739449.jpg 12,133,60,194,0 91,103,166,185,0 363,124,428,201,0
./train/Images/b127_1580797739415.jpg 174,1,377,159,0
./train/Images/d153_1580791064016.jpg 190,2,334,172,1
./train/Images/d152_1580791064001.jpg 36,12,299,396,1
./train/Images/d028_1580790992605.jpg 45,1,114,95,1
./train/Images/d003_1580790992365.jpg 81,12,347,315,1
./train/Images/d082_1580791027660.jpg 70,153,201,326,1 170,78,356,308,1 345,177,466,343,1
./train/Images/b062_1580797702204.jpg 4,2,437,393,0
./train/Images/b046_1580797660734.jpg 107,9,334,335,0
./train/Images/d014_1580790992480.jpg 166,72,252,175,1 344,45,452,164,1
./train/Images/d042_1580790992741.jpg 29,4,224,239,1
./train/Images/b114_1580797739282.jpg 81,121,143,201,0 213,106,285,204,0 328,114,425,213,0
./train/Images/d022_1580790992550.jpg 131,28,198,110,1 329,34,391,115,1
./train/Images/d111_1580791063458.jpg 56,3,154,143,1 240,29,326,143,1 408,1,506,107,1
./train/Images/d158_1580791064086.jpg 3,2,492,599,1
./train/Images/b001_1580797659815.jpg 103,102,140,148,0 178,104,209,139,0 471,107,493,131,0
./train/Images/d084_1580791027691.jpg 196,100,256,163,1 279,125,333,177,1
./train/Images/b059_1580797702173.jpg 323,438,360,488,0 131,516,189,607,0 657,514,737,594,0
./train/Images/b139_1580797739546.jpg 84,18,212,178,0
./train/Images/d141_1580791063866.jpg 30,38,83,94,1 163,26,204,75,1 191,24,247,94,1
./train/Images/d108_1580791063417.jpg 143,2,493,482,1
./train/Images/b034_1580797660579.jpg 15,2,498,480,0
./train/Images/b106_1580797739202.jpg 18,93,39,121,0 75,86,99,113,0 143,86,165,117,0 183,92,219,131,0 246,82,279,120,0 297,75,321,104,0 357,95,373,115,0 391,73,417,108,0 473,84,495,112,0
./train/Images/b065_1580797702238.jpg 290,19,403,165,0
./train/Images/d140_1580791063853.jpg 130,61,212,164,1 286,26,367,132,1
./train/Images/b126_1580797739405.jpg 240,2,353,132,0
./train/Images/d007_1580790992404.jpg 76,1,134,57,1
./train/Images/d083_1580791027681.jpg 45,2,326,303,1
./train/Images/d113_1580791063486.jpg 213,92,247,136,1 380,108,420,151,1
./train/Images/b117_1580797739315.jpg 233,2,374,125,0
./train/Images/b048_1580797660761.jpg 172,149,202,186,0 237,144,268,180,0 291,146,327,183,0 321,189,356,231,0 344,158,369,185,0 220,194,253,237,0
./train/Images/b100_1580797703581.jpg 166,2,233,77,0 259,6,315,77,0
./train/Images/d089_1580791027731.jpg 283,131,332,183,1
./train/Images/d037_1580790992690.jpg 34,24,135,182,1 137,13,254,173,1
./train/Images/d095_1580791027792.jpg 191,62,345,278,1
./train/Images/b015_1580797660312.jpg 335,14,427,114,0
./train/Images/d049_1580790992802.jpg 24,1,104,78,1 58,37,181,182,1
./train/Images/b148_1580797739631.jpg 203,67,306,212,0
./train/Images/d091_1580791027751.jpg 340,74,409,157,1
./train/Images/b021_1580797660393.jpg 68,13,267,240,0
./train/Images/d054_1580791027374.jpg 15,3,269,348,1
./train/Images/b003_1580797660133.jpg 94,44,143,99,0
./train/Images/b103_1580797739170.jpg 68,70,114,128,0 110,79,150,121,0 290,95,339,146,0 372,77,423,133,0
./train/Images/b047_1580797660747.jpg 72,136,257,384,0
./train/Images/d061_1580791027425.jpg 213,35,393,372,1
./train/Images/b135_1580797739505.jpg 181,29,211,65,0 248,75,287,121,0 165,159,195,195,0
./train/Images/b053_1580797702114.jpg 115,4,470,262,0
./train/Images/b049_1580797660777.jpg 139,4,375,296,0
./train/Images/b144_1580797739602.jpg 292,28,412,164,0
./train/Images/b132_1580797739469.jpg 105,8,223,142,0
./train/Images/d155_1580791064043.jpg 31,22,85,92,1 121,14,178,81,1 174,8,223,75,1 234,26,287,85,1 298,14,347,79,1 415,50,477,121,1
./train/Images/b138_1580797739536.jpg 126,13,203,95,0 197,14,261,90,0
./train/Images/d134_1580791063770.jpg 175,91,239,169,1
./train/Images/d121_1580791063586.jpg 55,32,99,80,1 29,1,60,26,1 130,1,156,19,1 3,1,31,16,1 272,19,307,58,1 302,61,346,111,1 318,1,353,38,1 329,32,363,76,1 351,13,379,60,1 148,37,189,85,1 272,99,320,166,1 180,2,211,28,1 339,117,401,190,1 191,32,232,82,1 390,109,444,174,1 224,8,265,43,1 346,185,423,263,1 1,96,51,148,1 390,170,449,249,1 7,163,73,233,1 272,259,346,327,1 33,58,81,113,1 102,236,165,320,1 73,150,128,216,1 119,159,184,238,1 140,87,185,148,1 172,229,243,323,1 377,32,419,76,1 405,16,432,62,1 427,74,480,133,1 431,8,460,54,1 454,39,495,91,1 436,128,499,201,1 433,227,500,327,1 230,109,285,177,1 245,198,311,281,1 259,163,331,236,1 183,115,231,174,1 112,36,145,82,1
./train/Images/b008_1580797660210.jpg 286,99,355,156,0
./train/Images/b128_1580797739424.jpg 110,36,157,92,0 95,81,148,131,0 223,42,275,96,0 315,37,360,99,0 273,92,320,139,0
./train/Images/d151_1580791063987.jpg 159,22,344,290,1
./train/Images/d062_1580791027436.jpg 204,37,320,153,1
./train/Images/d050_1580790992812.jpg 89,2,145,72,1
./train/Images/d052_1580791027329.jpg 171,73,331,265,1
./train/Images/d051_1580791027269.jpg 120,1,380,335,1
./train/Images/b036_1580797660606.jpg 55,2,202,187,0 296,4,450,187,0
./train/Images/b085_1580797702440.jpg 37,22,82,77,0 243,17,277,59,0 376,37,405,68,0 166,53,190,83,0
./train/Images/b119_1580797739336.jpg 17,9,409,492,0
./train/Images/d012_1580790992460.png 32,14,126,126,1
./train/Images/d035_1580790992669.jpg 193,9,305,110,1
./train/Images/d099_1580791027833.jpg 60,58,201,215,1 250,6,417,157,1
./train/Images/b020_1580797660380.jpg 152,86,194,139,0
./train/Images/d001_1580790992256.jpg 203,2,640,431,1
./train/Images/b108_1580797739223.jpg 176,301,245,377,0
./train/Images/b060_1580797702185.jpg 94,78,213,228,0 326,52,465,228,0
./train/Images/b147_1580797739621.jpg 178,67,198,91,0 220,78,245,103,0 245,74,263,98,0
./train/Images/b150_1580797739651.jpg 87,84,314,390,0
./train/Images/d038_1580790992699.jpg 78,16,224,212,1 346,48,442,169,1
./train/Images/d143_1580791063879.jpg 38,12,129,121,1
./train/Images/b102_1580797739138.jpg 38,77,91,145,0 141,99,194,157,0 290,85,341,147,0 346,67,443,155,0
./train/Images/d097_1580791027813.jpg 327,83,410,155,1
./train/Images/d074_1580791027570.jpg 205,69,378,222,1
./train/Images/b151_1580797739661.jpg 229,1,428,215,0
./train/Images/b122_1580797739365.jpg 172,95,235,164,0 299,126,339,171,0 362,158,410,215,0 413,59,498,191,0 109,137,148,183,0 51,155,119,219,0 22,147,45,192,0
./train/Images/d047_1580790992782.jpg 109,36,262,177,1
./train/Images/b125_1580797739395.jpg 104,78,155,149,0 215,109,281,170,0
./train/Images/b010_1580797660242.jpg 42,6,408,386,0
./train/Images/b077_1580797702348.png 142,9,272,160,0
./train/Images/b145_1580797739611.jpg 148,34,334,234,0
./train/Images/d105_1580791063377.jpg 161,125,202,183,1 266,109,305,156,1
./train/Images/b017_1580797660340.jpg 93,39,197,149,0
./train/Images/b064_1580797702227.jpg 143,13,353,315,0
./train/Images/d019_1580790992520.jpg 12,11,275,291,1
./train/Images/d133_1580791063756.jpg 103,150,206,261,1 261,68,356,199,1
./train/Images/b029_1580797660503.jpg 34,28,430,510,0
./train/Images/b032_1580797660548.jpg 63,27,132,123,0 286,24,363,123,0 60,250,138,343,0 289,247,363,341,0
./train/Images/d117_1580791063543.jpg 117,19,187,149,1 179,12,276,154,1
./train/Images/b076_1580797702338.jpg 0,1,223,205,0
./train/Images/d056_1580791027394.jpg 22,35,186,205,1 211,18,336,156,1 341,60,490,220,1
./train/Images/d092_1580791027761.jpg 192,29,238,80,1
./train/Images/b149_1580797739641.jpg 127,65,217,170,0 252,2,340,112,0
./train/Images/d030_1580790992627.jpg 46,23,80,67,1 186,36,210,67,1 245,17,291,79,1 316,32,355,77,1 391,34,426,79,1 405,50,453,110,1
./train/Images/d024_1580790992574.jpg 166,63,290,218,1
./train/Images/d045_1580790992762.jpg 214,141,302,248,1
./train/Images/d069_1580791027512.jpg 55,4,162,159,1
./train/Images/d002_1580790992329.jpg 68,88,164,192,1 154,28,232,128,1 259,26,337,119,1
./train/Images/d008_1580790992415.jpg 43,28,131,155,1 194,2,304,146,1 336,24,413,141,1
./train/Images/b143_1580797739591.jpg 119,67,164,123,0 46,139,77,183,0 221,80,284,152,0
./train/Images/d081_1580791027650.jpg 102,1,184,79,1
./train/Images/d094_1580791027782.jpg 0,84,117,195,1 212,82,308,190,1 370,99,490,219,1
./train/Images/b044_1580797660707.jpg 124,23,284,215,0
./train/Images/d032_1580790992649.jpg 212,101,282,173,1
./train/Images/b142_1580797739577.jpg 146,128,280,298,0
./train/Images/b123_1580797739376.jpg 186,31,218,71,0 331,112,342,125,0 354,97,367,110,0
./train/Images/d159_1580791064102.jpg 169,2,423,324,1
./train/Images/b042_1580797660678.jpg 111,21,292,231,0
./train/Images/b124_1580797739385.jpg 28,10,81,73,0 139,14,191,78,0 255,10,304,67,0
./train/Images/b080_1580797702380.jpg 103,139,326,411,0
./train/Images/b136_1580797739515.jpg 88,39,147,101,0
./train/Images/b024_1580797660433.jpg 21,2,245,228,0
./train/Images/d009_1580790992425.jpg 1,1,195,229,1 285,30,484,271,1
./train/Images/b035_1580797660593.jpg 237,37,500,381,0
./train/Images/d040_1580790992720.jpg 170,13,214,68,1 292,174,348,215,1
./train/Images/d124_1580791063628.jpg 74,109,135,169,1 212,117,265,187,1 250,53,304,129,1 405,101,459,162,1
./train/Images/d147_1580791063934.jpg 141,21,228,136,1 389,82,457,165,1
./train/Images/b031_1580797660533.jpg 190,157,324,273,0
./train/Images/d118_1580791063557.jpg 92,1,212,126,1 184,1,270,126,1 257,24,336,128,1 317,59,368,133,1 361,65,404,135,1 386,57,499,219,1
./train/Images/d086_1580791027711.jpg 147,4,233,112,1
./train/Images/b111_1580797739252.jpg 140,27,196,99,0
./train/Images/d104_1580791063363.jpg 313,85,370,170,1
./train/Images/d131_1580791063728.jpg 63,40,93,74,1 193,71,222,105,1 333,69,364,103,1
./train/Images/b120_1580797739346.jpg 109,62,223,208,0
./train/Images/d088_1580791027721.jpg 39,22,132,108,1 132,71,192,142,1 254,52,310,130,1 351,53,391,131,1 370,41,461,126,1
./train/Images/d053_1580791027363.jpg 130,30,203,102,1 333,33,403,101,1
./train/Images/d150_1580791063974.jpg 172,101,241,167,1
./train/Images/d106_1580791063390.jpg 242,39,380,223,1
./train/Images/b054_1580797702124.jpg 80,2,341,257,0
./train/Images/d148_1580791063947.jpg 0,15,233,316,1 245,6,476,349,1
./train/Images/b110_1580797739243.jpg 252,59,295,109,0 385,114,433,172,0 200,74,228,109,0 40,129,100,207,0 130,89,162,132,0 152,64,175,91,0
./train/Images/b039_1580797660649.jpg 91,87,164,173,0 228,65,279,137,0 365,2,410,50,0 417,102,486,168,0
