yes_mask 0.958238959312439 368.27557373046875 124.35098266601562 413.2356262207031 201.75914001464844
yes_mask 0.9246253371238708 190.21697998046875 82.67597961425781 240.10084533691406 145.6525115966797
yes_mask 0.9223107695579529 512.1318359375 57.79263687133789 552.656982421875 133.65115356445312
yes_mask 0.9176137447357178 75.23554992675781 48.651824951171875 123.95838928222656 113.64753723144531
yes_mask 0.9016473293304443 462.7467041015625 9.601516723632812 518.049072265625 110.59416198730469
yes_mask 0.886393666267395 316.3512878417969 98.82173156738281 357.5682067871094 180.86264038085938
yes_mask 0.8566752076148987 316.01373291015625 7.078278064727783 362.5943603515625 77.59228515625
yes_mask 0.8428050875663757 459.92767333984375 108.5215835571289 509.8715515136719 184.92417907714844
yes_mask 0.8334290981292725 189.98043823242188 -0.6472415924072266 237.93588256835938 50.68075942993164
yes_mask 0.8285931348800659 230.7308349609375 58.00392150878906 281.57098388671875 130.02151489257812
yes_mask 0.8189612030982971 407.64202880859375 23.80343246459961 458.0581970214844 92.66098022460938
yes_mask 0.8134596943855286 358.3816833496094 45.10725402832031 408.2442626953125 116.62333679199219
yes_mask 0.8093010187149048 95.93202209472656 103.8723373413086 147.17819213867188 188.63296508789062
yes_mask 0.7932178974151611 0.7717537879943848 56.86037826538086 72.00634002685547 136.8266143798828
yes_mask 0.7807101607322693 412.7704162597656 86.1981430053711 459.0887451171875 162.6126708984375
yes_mask 0.7634802460670471 245.57618713378906 120.59349060058594 300.99102783203125 203.99549865722656
yes_mask 0.7585511803627014 284.59185791015625 40.78611373901367 332.107177734375 116.7000503540039
yes_mask 0.7040510177612305 149.4247283935547 119.67733001708984 207.07125854492188 206.8533172607422
yes_mask 0.6433988213539124 137.60299682617188 63.37444305419922 190.5744171142578 125.23954772949219
yes_mask 0.538174033164978 525.5480346679688 122.4493408203125 552.524658203125 194.18408203125